europop.asc
NCOLS 648 
NROWS 216 
XLLCORNER -10 
YLLCORNER 39 
CELLSIZE 0.0416666666666667 
NODATA_value -3.4e+38 
[rows 110 to 131 of 216, columns 50 to 99 of 648]
28.0633907318115 19.8453903198242 14.9992599487305 10.7346601486206 10.7346601486206 30.0827198028564 33.5919914245605 32.847900390625 28.2087001800537 12.0555095672607 11.9454002380371 15.3385696411133 21.6388492584229 23.6083908081055 23.9805908203125 25.3116493225098 16.9466800689697 14.4378995895386 14.545280456543 14.3150596618652 10.2097396850586 38.2989616394043 40.3250007629395 22.6188297271729 10.3602600097656 11.7369003295898 13.1692695617676 12.230899810791 9.73385429382324 9.73385429382324 14.0478401184082 17.2804203033447 17.2804203033447 17.2804203033447 17.2804203033447 18.3851509094238 21.0970802307129 18.3053607940674 21.7283992767334 21.83616065979 21.83616065979 21.83616065979 22.4426898956299 38.6309509277344 39.0744094848633 35.2686004638672 98.3482208251953 373.873291015625 1031.23303222656 944.233093261719
11.1638298034668 10.7346601486206 10.7346601486206 15.1745796203613 32.7597007751465 33.5919494628906 33.5919914245605 33.5919914245605 30.1351890563965 11.9454002380371 11.9454002380371 13.2882299423218 15.2611799240112 16.5033397674561 17.3333702087402 18.4879608154297 16.776029586792 16.7046203613281 15.5837497711182 7.90644311904907 7.90644311904907 12.3284502029419 10.3409795761108 4.42533493041992 3.84761810302734 3.84761810302734 5.45827102661133 10.0955400466919 9.15881443023682 6.75495481491089 17.0823707580566 17.2804203033447 17.2804203033447 17.2804203033447 17.2804203033447 17.2804203033447 17.2804203033447 17.289119720459 20.0220108032227 20.1625308990479 12.0348997116089 13.6686296463013 22.8112602233887 43.5485916137695 43.5485801696777 84.7177963256836 667.626525878906 992.374328613281 1056.80603027344 1056.80603027344
15.1975202560425 13.386269569397 16.8093109130859 23.6102294921875 33.5919914245605 33.5919914245605 33.5919914245605 33.5919914245605 31.1289100646973 17.3008708953857 11.9454002380371 14.8449401855469 16.4715194702148 16.4715194702148 16.8458194732666 18.2137794494629 16.704610824585 16.704610824585 16.6322898864746 11.4395399093628 7.82391881942749 4.51123523712158 4.32863998413086 6.065749168396 5.01976585388184 3.98087406158447 3.84877490997314 5.2888011932373 5.46046876907349 7.08624601364136 13.9941902160645 17.132640838623 17.2804203033447 17.2804203033447 17.2804203033447 17.2804203033447 17.2804203033447 17.277660369873 13.1323299407959 8.01438426971436 7.2712140083313 29.707389831543 43.5337181091309 39.1883392333984 41.9965209960938 188.952102661133 607.985595703125 690.768188476562 347.307586669922 567.537475585938
16.3546295166016 16.3478393554688 23.6192493438721 32.8876800537109 33.5919914245605 33.5919914245605 33.5919914245605 32.9374809265137 31.9693508148193 28.4806709289551 18.3077602386475 21.9121208190918 21.1659507751465 17.1087398529053 16.4715194702148 18.9782791137695 19.3789901733398 15.4453897476196 14.0384998321533 8.49949741363525 8.93439388275146 7.9196720123291 5.64442300796509 6.2613730430603 5.18444490432739 4.33313417434692 4.76178121566772 4.98385381698608 4.98458576202393 4.98458576202393 4.98458576202393 6.1858959197998 16.2331295013428 17.2786197662354 16.6403503417969 16.5663204193115 17.1423892974854 16.5020294189453 7.58757305145264 7.2712140083313 7.2712140083313 28.5055999755859 37.7160110473633 5.81814002990723 27.4362297058105 12.6254100799561 8.84337520599365 44.0074806213379 50.2331504821777 128.516098022461
16.3546295166016 16.3546295166016 16.8810195922852 22.0763397216797 25.6184997558594 32.3619995117188 31.8201904296875 30.1342296600342 29.6764106750488 29.6764106750488 28.8532791137695 26.8246192932129 25.8483600616455 19.1335296630859 20.0751800537109 31.2325897216797 25.6476993560791 9.18540382385254 8.08076190948486 8.09963703155518 8.29876518249512 9.02052211761475 7.90095520019531 7.2748122215271 6.94612121582031 6.90533781051636 6.28598499298096 5.02191591262817 4.9845871925354 4.9845871925354 4.9845871925354 5.25584697723389 6.81037616729736 14.934889793396 14.9954299926758 14.9954299926758 15.4868602752686 17.0915393829346 8.69459915161133 7.2712140083313 7.2712140083313 34.3948402404785 25.5879898071289 7.6725001335144 9.27995681762695 8.73720264434814 6.81813907623291 33.9052085876465 41.2687797546387 99.9061889648438
16.3546295166016 16.3546295166016 16.3546295166016 20.1273593902588 20.2317199707031 21.5535907745361 24.1986103057861 27.4378108978271 29.6286907196045 27.3444499969482 28.4639301300049 26.8808097839355 25.9837703704834 17.6712303161621 14.3299598693848 24.6219806671143 9.88165664672852 7.36970996856689 7.90241622924805 8.09963703155518 8.09963703155518 8.10093784332275 8.03971195220947 7.91297101974487 7.72763299942017 6.94677782058716 5.36980390548706 4.98458576202393 7.98741722106934 13.5930404663086 13.0996198654175 12.2301397323608 14.1509704589844 14.9954299926758 14.9954299926758 14.9954299926758 14.9956197738647 14.2430801391602 6.31830978393555 6.15261793136597 5.94065380096436 17.8634605407715 9.79421234130859 9.40836238861084 9.25864219665527 6.6562762260437 5.49108982086182 7.55965995788574 34.8235702514648 48.2094192504883
16.3180103302002 15.8471803665161 15.9352197647095 17.7385597229004 22.1876392364502 22.6982002258301 31.9794502258301 56.8412818908691 30.6435298919678 27.7157802581787 26.1375293731689 25.9837703704834 22.2656097412109 13.4372396469116 12.0709199905396 11.5795402526855 7.88089084625244 7.55307006835938 8.02164936065674 8.09963703155518 8.09963703155518 8.09963703155518 8.06234359741211 6.41709280014038 3.9989709854126 2.60278391838074 4.6960768699646 4.98458576202393 11.9101104736328 14.9954299926758 14.9954299926758 14.9954299926758 14.9954299926758 14.9954299926758 14.9954299926758 14.9954299926758 14.9026002883911 6.17404794692993 4.10024404525757 4.10024404525757 4.18256521224976 8.29118061065674 9.43094730377197 9.43094730377197 9.28558540344238 6.05690288543701 5.49108982086182 5.49108982086182 24.1097202301025 34.2498512268066
13.9179201126099 11.9911003112793 11.9831104278564 14.7731895446777 21.9389400482178 30.8026008605957 50.3264503479004 52.8443489074707 31.721170425415 31.5742797851562 85.5426330566406 26.2924404144287 12.7343101501465 12.8598499298096 13.0976696014404 8.6395845413208 7.35522317886353 7.98278284072876 8.09963703155518 8.09963703155518 8.09963703155518 8.09963703155518 7.97603797912598 3.40510010719299 2.71961688995361 3.52648591995239 4.90778207778931 11.9544696807861 14.5838899612427 14.9954299926758 14.9954299926758 14.9954299926758 14.9954299926758 14.9954299926758 14.9954299926758 14.9954299926758 14.9948997497559 5.61697816848755 4.10024404525757 4.10024404525757 4.10854911804199 5.11226415634155 6.57552194595337 8.98188972473145 9.43094730377197 8.10339736938477 5.49108982086182 5.49108982086182 12.8962898254395 34.2498512268066
11.9729900360107 11.9729900360107 11.9729900360107 11.9729900360107 12.6443300247192 58.1949310302734 101.999099731445 126.509803771973 212.847106933594 224.321594238281 251.634796142578 143.552093505859 13.6536102294922 13.85964012146 14.0189895629883 7.84352922439575 7.34139013290405 7.48527812957764 8.00693225860596 8.09963703155518 8.09963703155518 7.77679109573364 6.69818019866943 4.63382720947266 4.23004579544067 4.30013608932495 4.30013608932495 7.63834285736084 12.0607900619507 14.9954299926758 14.9954299926758 14.9954299926758 14.9954299926758 14.9954299926758 14.9954299926758 14.9954299926758 14.9954299926758 14.4493999481201 4.32008409500122 4.10024404525757 4.11438894271851 4.14644289016724 4.10024404525757 4.06606197357178 5.3786039352417 6.56420993804932 4.49393701553345 6.06903505325317 14.8321599960327 34.2498512268066
12.0197095870972 11.9729900360107 11.9729900360107 11.9729900360107 13.5097103118896 173.231704711914 251.74169921875 251.74169921875 251.74169921875 251.74169921875 248.51789855957 229.44450378418 31.7638893127441 14.0189895629883 14.0189895629883 10.4199104309082 7.34139108657837 7.39499282836914 8.06969547271729 8.09963607788086 6.67877197265625 5.26402902603149 4.45632696151733 4.44269180297852 4.30013608932495 4.30013608932495 4.30013608932495 4.30013608932495 10.9282598495483 14.9954299926758 14.9954299926758 14.9954299926758 14.9954299926758 14.9954299926758 14.9954299926758 14.9954299926758 29.7859992980957 39.2990989685059 30.3661098480225 21.8860607147217 4.39777708053589 4.61522483825684 4.4648699760437 3.81065011024475 2.93979406356812 2.93979406356812 3.18828511238098 22.8199501037598 34.2496109008789 34.2498512268066
13.7301797866821 13.5759296417236 12.0794897079468 12.3164300918579 77.5585098266602 251.74169921875 251.74169921875 251.74169921875 251.74169921875 251.74169921875 191.25700378418 27.3906402587891 19.295690536499 15.357159614563 14.0189895629883 13.2048196792603 9.36999607086182 12.094409942627 7.99542379379272 10.0317001342773 6.02460289001465 4.68330001831055 4.66103887557983 4.68056392669678 4.59054279327393 4.43679809570312 4.30013704299927 4.30013704299927 4.7158670425415 10.949049949646 13.663459777832 13.9201698303223 14.9117403030396 14.5966997146606 19.5150108337402 29.049280166626 38.763671875 39.3101005554199 39.3101005554199 38.175609588623 7.17179918289185 4.61523294448853 4.61523294448853 4.43262481689453 3.06104111671448 2.93979406356812 2.93979406356812 2.93979406356812 11.9870300292969 23.5275001525879
15.4712495803833 15.5013198852539 14.8016996383667 15.1719999313354 31.5375709533691 50.8875617980957 120.419502258301 192.482406616211 251.74169921875 201.575103759766 54.5081596374512 20.5792407989502 20.5764408111572 20.086519241333 16.9836196899414 16.0182704925537 16.9167194366455 16.9175891876221 14.3596296310425 15.1744899749756 8.80771064758301 4.68331718444824 4.68346118927002 4.68330001831055 4.68330001831055 4.647301197052 4.30013608932495 4.30013608932495 4.29755210876465 4.09730100631714 7.22339391708374 11.1789398193359 11.7569303512573 10.8092498779297 9.89412212371826 15.6733703613281 25.449670791626 35.0439910888672 39.3101005554199 39.3101005554199 23.2249202728271 4.61523294448853 4.61523294448853 4.11355113983154 2.97237110137939 2.93979406356812 2.70589590072632 2.6353280544281 2.48456192016602 2.51725792884827
15.5013198852539 15.5013198852539 15.5013198852539 18.6290302276611 20.3153705596924 16.5658702850342 16.56715965271 18.3411598205566 120.45369720459 44.9292488098145 20.5784206390381 20.5531597137451 20.2961902618408 19.7311992645264 17.3334197998047 17.0010299682617 16.6902904510498 15.2350397109985 15.1744899749756 15.1744899749756 8.63784313201904 4.74708604812622 4.7559380531311 4.82873106002808 4.80457401275635 4.41121482849121 2.45623302459717 3.2862401008606 2.7090790271759 2.46439504623413 2.46388101577759 2.47452807426453 5.15076684951782 6.42992401123047 5.66242122650146 5.66242218017578 5.66242122650146 18.9016704559326 32.9644889831543 29.0992298126221 16.9064903259277 3.30757904052734 3.15887999534607 2.73437094688416 2.64839506149292 2.53604793548584 2.4829409122467 2.53672790527344 2.66074395179749 2.75786089897156
15.9643297195435 18.0894508361816 25.8676700592041 28.3399105072021 16.7622108459473 13.0910501480103 13.9884300231934 16.0178604125977 17.2213497161865 18.1502895355225 18.5824909210205 25.0014095306396 22.1487998962402 23.3835391998291 18.1038208007812 17.8059692382812 17.1049709320068 15.1959199905396 15.1744899749756 12.0053596496582 5.29406595230103 4.8757119178772 4.86934995651245 4.85942888259888 4.8757119178772 3.27322292327881 4.52867698669434 2.0182089805603 2.0242030620575 2.391597032547 2.46388101577759 3.26821494102478 6.42494821548462 6.29587984085083 5.70565319061279 5.71613883972168 5.66242218017578 5.66242218017578 5.66242218017578 2.87933301925659 2.0859739780426 2.0859739780426 2.0859739780426 2.27286005020142 2.61829090118408 2.61811304092407 2.59629797935486 2.93259191513062 3.29676198959351 3.0749089717865
18.1579399108887 27.8953304290771 29.2077903747559 24.7822494506836 12.5870199203491 12.5870199203491 12.5879096984863 14.7699298858643 17.2259006500244 19.6470394134521 49.4647483825684 61.648681640625 61.0480499267578 54.8740692138672 21.7510509490967 19.7742195129395 16.8191204071045 14.9215898513794 13.0451898574829 10.5533199310303 6.67487096786499 4.87571287155151 4.87571287155151 4.87571287155151 4.87571287155151 10.8867998123169 15.8637199401855 7.24293088912964 2.69642090797424 2.04919195175171 33.1404190063477 45.5247001647949 7.56098222732544 6.46240186691284 6.51567602157593 6.5099310874939 6.36282014846802 6.32768392562866 5.6608190536499 3.13753795623779 2.17027902603149 2.0859739780426 2.15793204307556 2.48436307907104 2.61829090118408 2.61829090118408 2.61829090118408 4.33923578262329 9.8862419128418 4.72430992126465
18.1762008666992 20.3430099487305 28.6474094390869 22.5879497528076 16.9032592773438 16.0119304656982 13.7004203796387 14.4181995391846 14.4181995391846 36.162410736084 61.648681640625 61.6486701965332 58.4801292419434 46.0740699768066 15.2777395248413 11.8022699356079 12.4788799285889 11.662449836731 9.98818778991699 9.97955322265625 9.8341064453125 6.51271677017212 4.89382791519165 4.89847278594971 9.73950672149658 16.5244808197021 16.6109600067139 16.1454696655273 9.76961231231689 20.2573108673096 70.4708404541016 82.4041213989258 42.0624008178711 13.312310218811 15.6691303253174 19.018440246582 8.90030574798584 5.80155515670776 5.790696144104 5.78941917419434 3.90002608299255 2.25347304344177 2.50049495697021 2.66944408416748 2.66299510002136 2.61829090118408 2.61829090118408 3.24888801574707 10.8707399368286 9.30746459960938
17.6769695281982 18.2769107818604 23.1019802093506 19.0029296875 19.0028705596924 18.9963092803955 16.8874893188477 14.4608898162842 14.5237998962402 45.4661102294922 55.3791618347168 61.648681640625 53.918830871582 9.97464370727539 9.98122882843018 9.73626232147217 10.6872396469116 11.4629402160645 9.83777904510498 9.75166130065918 9.80473613739014 9.50143909454346 6.77877902984619 6.13171100616455 8.02168083190918 16.3333492279053 16.8894004821777 16.8068008422852 16.109489440918 16.0660991668701 17.5652008056641 20.3140697479248 19.3277702331543 29.3119602203369 30.1868495941162 15.6865396499634 9.30245208740234 7.19152307510376 5.79410600662231 5.79085302352905 5.790696144104 5.74142217636108 5.66614007949829 3.60111999511719 3.17574095726013 3.14281010627747 3.02327609062195 3.72564101219177 9.78403282165527 6.92448902130127
22.0201892852783 24.7205390930176 19.2192192077637 19.0085601806641 18.9978809356689 18.9862403869629 18.9806594848633 17.567699432373 15.0194101333618 14.3351402282715 11.9012403488159 17.0467395782471 16.0944004058838 11.3751001358032 10.9778995513916 10.2430696487427 9.63322067260742 7.32240676879883 6.53110980987549 9.64473438262939 9.69374656677246 9.1085786819458 8.97508716583252 7.52281522750854 6.0595531463623 9.01088428497314 16.3237495422363 16.8894004821777 16.7257995605469 17.6432800292969 16.3161392211914 24.6689205169678 30.9535598754883 30.4008407592773 72.0186920166016 57.5773391723633 37.643440246582 9.66078090667725 11.3790102005005 10.502610206604 5.75655889511108 4.62645292282104 4.17520523071289 4.10620403289795 4.10620307922363 4.10620403289795 4.09267807006836 5.13279819488525 8.92697143554688 8.65079498291016
26.9167900085449 42.116870880127 40.6506690979004 39.5029907226562 32.9653091430664 18.9806594848633 18.9806594848633 18.9806594848633 17.3972396850586 14.8009004592896 14.8009004592896 12.8380498886108 10.3325901031494 10.9007701873779 10.9778995513916 10.3105897903442 6.9993839263916 5.12787485122681 5.17568206787109 6.62011623382568 9.13168525695801 7.15575218200684 6.8594970703125 7.09054183959961 5.93163394927979 5.46088981628418 12.9649496078491 44.225830078125 123.473701477051 18.7844295501709 23.8932209014893 36.4383201599121 31.3241596221924 34.6053009033203 100.84220123291 135.910003662109 87.6659698486328 16.1609706878662 15.5612201690674 15.9878797531128 8.70174789428711 4.14581680297852 4.10620403289795 4.10620403289795 4.30508422851562 4.26638603210449 4.17784404754639 6.84862422943115 14.0899696350098 13.9566202163696
32.7886390686035 42.3624801635742 42.3624687194824 42.3624801635742 36.4948997497559 18.9806594848633 18.9806594848633 18.7225894927979 46.6765213012695 43.1142387390137 17.3139991760254 13.0531196594238 9.50602340698242 9.63660907745361 9.63810253143311 8.07915496826172 5.16542911529541 5.12787389755249 5.42925500869751 6.94148111343384 5.16302299499512 3.49514389038086 3.48383593559265 5.0476508140564 8.4314603805542 10.8784198760986 15.2117099761963 32.2665901184082 130.943695068359 99.8342666625977 99.5738296508789 132.282699584961 112.427299499512 44.4348106384277 45.7551002502441 56.9458999633789 62.523380279541 17.6924591064453 16.4386291503906 9.59781646728516 4.15661191940308 4.10620403289795 4.43795776367188 4.52288579940796 6.93035078048706 8.54591369628906 7.01722812652588 9.77879428863525 37.9017601013184 32.6064109802246
21.2912292480469 22.9342708587646 27.1881999969482 34.5165786743164 37.0842704772949 21.9802703857422 18.1761798858643 24.2624092102051 78.3289337158203 82.8171920776367 79.8371124267578 28.9556407928467 9.48696613311768 9.48696613311768 9.4643726348877 6.81812000274658 5.25129508972168 7.46825504302979 9.29187297821045 9.5615816116333 6.14055204391479 3.1896378993988 3.16651201248169 4.99989223480225 9.35053253173828 11.8945503234863 12.8300695419312 70.0921936035156 98.4490432739258 142.320205688477 190.774703979492 212.19270324707 189.352600097656 20.4655303955078 18.2353897094727 22.5693702697754 22.6812000274658 18.0062999725342 17.7889595031738 11.6441698074341 3.73128199577332 3.51372504234314 4.64287900924683 4.74557781219482 6.0589919090271 8.58767890930176 19.7526798248291 32.4605102539062 32.106330871582 44.1776008605957
20.3967094421387 16.1969795227051 15.6027402877808 15.6027402877808 17.3293991088867 17.1186199188232 17.1186199188232 25.0845603942871 67.9650726318359 82.8172073364258 82.8171997070312 80.3909378051758 16.14967918396 9.49736213684082 9.49859809875488 8.07564926147461 9.03822231292725 9.5615816116333 9.5615816116333 9.5615816116333 7.83586502075195 4.61492586135864 4.17533206939697 8.42025947570801 8.39284229278564 8.78256320953369 33.3476104736328 52.5460891723633 61.0571098327637 153.001602172852 170.549102783203 212.19270324707 211.775405883789 141.774307250977 31.4600505828857 9.56946277618408 12.2949600219727 14.8561496734619 11.8918800354004 2.48646593093872 2.63346195220947 2.91555690765381 3.01444101333618 6.51861095428467 13.2711095809937 13.6265802383423 30.9108009338379 32.5658493041992 31.8928699493408 37.0207481384277
