europop.asc
NCOLS 648 
NROWS 216 
XLLCORNER -10 
YLLCORNER 39 
CELLSIZE 0.0416666666666667 
NODATA_value -3.4e+38 
[rows 0 to 21 of 216, columns 450 to 499 of 648]
325.533111572266 370.783203125 360.557495117188 209.138595581055 83.4582901000977 73.9005508422852 60.067008972168 80.9974365234375 84.2146072387695 93.7286529541016 96.4489135742188 116.81770324707 122.164497375488 69.898063659668 65.9161834716797 74.0943984985352 92.0123519897461 156.953201293945 117.070503234863 102.44270324707 94.1092529296875 165.792602539062 151.150604248047 113.136901855469 90.6709671020508 76.2254028320312 73.6605834960938 76.4161071777344 72.9413681030273 72.703369140625 71.989990234375 82.2108764648438 275.803985595703 494.561492919922 561.767700195312 268.315185546875 94.2007827758789 123.481101989746 87.4808807373047 80.3373184204102 71.6131973266602 72.5822982788086 73.8794403076172 153.227096557617 235.219497680664 175.054595947266 110.221298217773 86.1063232421875 77.824836730957 116.11499786377
262.372497558594 219.619995117188 138.512603759766 83.2276382446289 78.4139404296875 78.5269927978516 66.2087173461914 57.6189994812012 49.6967811584473 55.4066886901855 65.7046966552734 138.123306274414 135.893707275391 69.8162307739258 60.8025894165039 66.1000213623047 67.0196685791016 41.5169906616211 101.245399475098 150.426696777344 166.613494873047 186.558807373047 185.377304077148 183.109893798828 179.325103759766 174.034698486328 89.7779769897461 79.3936920166016 79.3936996459961 79.397216796875 79.5078582763672 83.1376571655273 314.633392333984 516.209411621094 283.181304931641 117.865097045898 136.20849609375 144.516296386719 133.228393554688 75.8244171142578 67.0500564575195 53.4137191772461 51.9592018127441 66.5590362548828 107.342002868652 180.422302246094 144.135803222656 97.5290069580078 72.7132186889648 93.7649993896484
104.690803527832 119.066200256348 79.0431213378906 63.2242317199707 76.5086669921875 145.345092773438 146.012802124023 85.8795471191406 63.654239654541 63.518798828125 109.839797973633 117.238296508789 132.775695800781 116.329902648926 68.8828735351562 94.3719482421875 87.1201019287109 72.851936340332 110.207901000977 147.980895996094 158.548904418945 167.950698852539 180.962203979492 182.206298828125 180.671096801758 124.0458984375 79.3936996459961 79.3936920166016 79.3936920166016 81.9195098876953 84.312858581543 81.1544494628906 109.787498474121 91.3205490112305 110.752601623535 127.892997741699 107.82250213623 77.0143127441406 110.216796875 102.099998474121 113.44889831543 78.7374267578125 61.3433494567871 288.954498291016 765.268188476562 740.972473144531 148.790603637695 87.4698333740234 80.0099716186523 68.7684326171875
144.458404541016 158.770401000977 148.892593383789 104.618698120117 109.856498718262 213.737503051758 225.661102294922 246.415893554688 217.231903076172 94.9473266601562 94.3883972167969 99.7682266235352 92.9393692016602 94.1197128295898 82.2831420898438 104.777099609375 121.071701049805 100.613899230957 96.7474975585938 119.708602905273 136.488204956055 213.077606201172 219.829605102539 170.587005615234 127.368896484375 85.5067672729492 81.5675506591797 89.6629333496094 115.61840057373 117.799102783203 126.170402526855 122.078903198242 109.191802978516 88.8095626831055 114.398300170898 133.27490234375 139.300598144531 111.08699798584 72.085563659668 117.55249786377 122.98690032959 117.748001098633 68.8007431030273 201.526306152344 583.435424804688 583.9423828125 122.696502685547 63.052059173584 56.4995002746582 62.5432205200195
158.779800415039 215.278594970703 568.913024902344 284.986907958984 247.264205932617 259.913787841797 189.886505126953 211.02099609375 534.139587402344 244.219192504883 174.535903930664 266.767211914062 126.88500213623 120.846099853516 89.9618835449219 73.2804336547852 79.8700790405273 88.3507614135742 258.488494873047 314.552185058594 612.3212890625 1276.01403808594 305.515594482422 127.994201660156 132.474594116211 89.7312316894531 94.8260726928711 95.6037292480469 110.025497436523 125.730400085449 126.521697998047 126.371101379395 120.999298095703 106.281196594238 111.054397583008 123.81379699707 143.788299560547 151.056198120117 125.197998046875 83.907958984375 68.196907043457 63.4172286987305 66.6046676635742 57.583911895752 96.5987014770508 158.85139465332 95.2656021118164 47.7691688537598 57.4902114868164 85.6556015014648
186.689300537109 423.754486083984 731.890380859375 606.821472167969 432.807586669922 563.289489746094 527.4501953125 323.012084960938 895.756713867188 438.630615234375 413.509002685547 331.048004150391 182.926193237305 181.176803588867 119.543601989746 68.1403121948242 87.5392532348633 163.727493286133 424.263793945312 535.57177734375 535.57177734375 386.897094726562 124.081298828125 148.907302856445 209.918304443359 166.63020324707 103.314697265625 95.1113204956055 111.456802368164 128.433197021484 133.444000244141 125.102600097656 115.299102783203 111.740699768066 122.235702514648 249.378494262695 650.19873046875 699.409484863281 496.185485839844 129.795196533203 91.1201934814453 53.5197105407715 81.838752746582 179.843307495117 191.391799926758 195.068099975586 140.568496704102 59.5662994384766 64.0655136108398 68.4434585571289
383.542785644531 370.686187744141 682.757995605469 717.703002929688 373.675109863281 476.053894042969 568.718627929688 335.628601074219 1017.51898193359 1510.49194335938 1520.40698242188 601.816772460938 526.994689941406 289.870391845703 265.410888671875 244.940902709961 295.778900146484 321.485107421875 756.869812011719 534.869506835938 503.525512695312 313.534484863281 144.93229675293 133.846603393555 160.87809753418 242.715103149414 213.222503662109 91.3630218505859 82.132568359375 101.819602966309 155.386306762695 149.716796875 135.173706054688 77.7319869995117 115.209396362305 126.174797058105 888.7578125 1090.30200195312 870.24267578125 104.269500732422 57.9678993225098 57.8767395019531 70.0819931030273 127.084396362305 161.322296142578 193.815902709961 58.8921890258789 51.2190399169922 58.9313201904297 84.5041427612305
245.722702026367 131.39030456543 223.175903320312 240.32080078125 209.954803466797 271.754486083984 366.188507080078 276.170104980469 721.241271972656 1448.84497070312 1520.40698242188 1520.40698242188 611.975402832031 404.431884765625 475.863586425781 761.6279296875 840.474487304688 876.901672363281 711.846130371094 382.332214355469 301.519989013672 264.314208984375 124.790000915527 158.876998901367 219.33349609375 249.617202758789 233.876693725586 135.337905883789 81.1061096191406 91.4649124145508 130.42399597168 145.406494140625 151.663696289062 88.6854400634766 72.9712219238281 76.8963012695312 215.950805664062 369.585113525391 225.450393676758 226.773498535156 113.36540222168 64.2685012817383 57.6418418884277 60.9197311401367 66.6438827514648 83.2501831054688 53.0482788085938 57.9009819030762 127.111396789551 66.7731628417969
112.557998657227 122.486297607422 201.380798339844 153.399200439453 100.939102172852 181.547607421875 165.246704101562 135.556594848633 309.052307128906 886.955383300781 1678.44702148438 962.258422851562 791.580688476562 0 812.516418457031 0 896.164672851562 896.164611816406 543.928588867188 373.327514648438 305.680206298828 257.083709716797 140.059692382812 147.997497558594 256.237396240234 186.414596557617 143.22770690918 155.434799194336 129.472595214844 88.7517929077148 75.6887817382812 92.1392669677734 81.2766036987305 78.6131591796875 98.5351409912109 138.149993896484 156.57829284668 137.064804077148 112.586502075195 89.4081192016602 76.1652297973633 81.0347213745117 90.5675964355469 58.7741317749023 58.3373603820801 60.7195816040039 66.5669937133789 68.1198196411133 46.269359588623 34.8457908630371
97.4077301025391 88.9931335449219 94.0913314819336 160.633895874023 179.901306152344 159.035507202148 213.394302368164 171.253997802734 194.253799438477 152.161102294922 189.763595581055 205.330001831055 281.015991210938 244.363098144531 574.575988769531 0 0 0 470.900085449219 523.193176269531 437.821807861328 542.881469726562 549.080078125 333.638488769531 168.38459777832 170.276901245117 307.390594482422 585.168579101562 243.755004882812 83.1352767944336 61.494499206543 54.8849182128906 44.3236808776855 64.7002868652344 176.324905395508 173.021194458008 129.414398193359 79.0903625488281 71.3711013793945 59.2292098999023 59.9212913513184 106.683700561523 131.229293823242 119.984596252441 166.397399902344 135.232406616211 326.924713134766 132.617202758789 43.0967903137207 29.7322902679443
442.173706054688 271.844299316406 482.349914550781 905.259887695312 532.691528320312 94.0182800292969 100.746398925781 162.642700195312 503.630004882812 413.6328125 295.578491210938 198.590393066406 445.707092285156 400.858612060547 900.7177734375 694.379211425781 0 0 0 0 1667.90795898438 838.503784179688 839.767700195312 572.892822265625 366.438385009766 76.1775131225586 150.668899536133 183.511306762695 160.490203857422 67.91943359375 59.8320503234863 57.5777397155762 56.7486686706543 160.867797851562 178.83740234375 168.625106811523 120.789497375488 106.79810333252 146.22200012207 52.7529792785645 45.1555404663086 103.054298400879 140.330795288086 136.80940246582 145.042205810547 208.414794921875 263.107208251953 73.4855728149414 52.8797492980957 40.3186111450195
1384.41198730469 445.9296875 215.239700317383 394.118988037109 354.722106933594 184.440704345703 197.869598388672 139.248306274414 97.6878433227539 147.727401733398 360.523284912109 167.863800048828 296.058288574219 315.055389404297 227.568099975586 599.488525390625 2243.26000976562 0 0 0 0 654.847778320312 1827.27404785156 1546.31494140625 697.494018554688 157.23420715332 69.2923431396484 75.1804962158203 81.5234909057617 63.4463500976562 58.9880409240723 58.9880409240723 59.0623397827148 94.831672668457 145.309204101562 113.056297302246 284.345886230469 410.255615234375 196.741806030273 37.5966606140137 29.4494209289551 23.0756301879883 21.9390506744385 35.7812995910645 34.7512283325195 30.3312606811523 92.8893432617188 89.0305786132812 63.6058082580566 58.860538482666
1391.94201660156 561.313110351562 182.140106201172 329.480285644531 375.244903564453 593.204772949219 661.761474609375 1070.52905273438 429.130401611328 207.435195922852 208.865493774414 240.267501831055 136.644195556641 124.338600158691 295.029205322266 520.591186523438 637.640014648438 1981.49694824219 1067.45202636719 696.005920410156 754.025329589844 647.094177246094 1247.56799316406 1161.21105957031 933.590393066406 238.539505004883 107.451301574707 98.4327163696289 87.706428527832 50.1429405212402 44.7904396057129 48.9749412536621 42.5573310852051 95.4508209228516 102.661102294922 77.2349090576172 267.194305419922 374.658203125 168.057601928711 37.1497611999512 35.083438873291 21.7325191497803 19.5153903961182 22.1268501281738 16.6414794921875 75.4040298461914 158.306900024414 77.3878631591797 64.0723571777344 57.4188194274902
270.037292480469 297.024291992188 188.35090637207 174.777801513672 212.358596801758 238.217300415039 457.289611816406 648.372375488281 603.944396972656 597.356323242188 340.915100097656 441.274810791016 498.587799072266 522.558898925781 1183.53698730469 1740.96105957031 874.180419921875 242.913604736328 316.657196044922 228.534103393555 445.723114013672 1156.15600585938 920.693725585938 518.775207519531 497.114685058594 187.651397705078 103.579803466797 102.830497741699 79.6854934692383 47.0745010375977 32.0482406616211 21.3181591033936 13.0012998580933 23.3824005126953 43.8342208862305 50.0509414672852 139.190200805664 41.6481285095215 39.4727401733398 37.1497497558594 36.2927513122559 19.3363609313965 16.5392608642578 14.8884696960449 16.03883934021 47.575740814209 61.3724212646484 16.1715393066406 18.3030796051025 20.406120300293
529.093994140625 377.778289794922 227.113998413086 145.864501953125 81.8894882202148 137.243392944336 163.838195800781 168.667007446289 150.918701171875 211.034103393555 502.959014892578 646.079711914062 610.163024902344 1027.91394042969 778.351318359375 793.617614746094 477.164886474609 141.600006103516 193.337097167969 302.579895019531 685.238891601562 1120.82702636719 710.200805664062 431.491485595703 399.289306640625 279.523193359375 88.9669570922852 93.8183364868164 79.5764236450195 56.367130279541 51.4054794311523 24.1280403137207 20.842960357666 33.8103103637695 45.567138671875 43.6464691162109 41.7425003051758 41.7425003051758 40.5274887084961 36.6599197387695 18.2790107727051 14.3556299209595 14.4247198104858 14.1596298217773 20.0892601013184 53.8404884338379 42.0421409606934 12.6022300720215 16.6093196868896 21.2471694946289
828.276611328125 785.523986816406 295.542907714844 212.824005126953 97.3434066772461 65.4239883422852 56.4282302856445 170.120101928711 135.06640625 82.5845184326172 104.767799377441 118.865798950195 250.317596435547 106.19100189209 78.4230194091797 141.995697021484 223.721206665039 132.875305175781 274.413909912109 276.150299072266 487.743286132812 923.226196289062 626.71630859375 478.940002441406 412.239288330078 327.551086425781 62.2659111022949 41.0769882202148 37.4412612915039 38.0584983825684 46.7089195251465 53.7319717407227 50.2252006530762 52.5448608398438 54.4987411499023 44.5237884521484 41.7425003051758 41.7425003051758 36.6748390197754 7.12085580825806 1.9685310125351 6.50500917434692 12.4334602355957 12.2577800750732 12.4041795730591 5.85242605209351 15.6128196716309 24.5503692626953 25.8477001190186 27.574670791626
720.188110351562 1096.62097167969 617.568725585938 357.677093505859 241.901596069336 76.3789291381836 67.1055526733398 125.185997009277 260.280212402344 100.406303405762 60.2751617431641 68.859130859375 47.5136299133301 49.8235282897949 57.7891998291016 183.150604248047 67.5354919433594 110.760200500488 247.762603759766 299.288208007812 471.028991699219 677.233825683594 175.604705810547 112.518997192383 284.535797119141 319.025787353516 61.4563789367676 26.9283599853516 36.1300010681152 37.2513885498047 21.8583908081055 22.9374599456787 54.1630096435547 54.8360595703125 52.0958213806152 41.7491912841797 41.325008392334 34.4539909362793 17.2504405975342 18.4372806549072 18.8611297607422 12.36439037323 12.2357501983643 14.112250328064 16.9173107147217 66.0244827270508 74.1804733276367 36.5782203674316 35.5295906066895 31.6089897155762
602.317687988281 743.580688476562 987.966186523438 664.125 272.678405761719 73.5464935302734 123.845001220703 182.474197387695 146.331497192383 114.294502258301 57.1961402893066 42.6093215942383 43.1353607177734 41.930778503418 39.9842796325684 43.1474189758301 63.5407409667969 127.432601928711 236.195693969727 853.048706054688 805.406799316406 536.550903320312 134.527603149414 57.3929595947266 21.9457893371582 30.1321201324463 26.0046501159668 13.2191200256348 14.9594898223877 22.3645992279053 15.494649887085 15.4304599761963 23.9180507659912 22.8658790588379 24.0750007629395 23.3288707733154 13.9208297729492 11.1913404464722 11.9338102340698 14.924880027771 19.7597198486328 10.3820600509644 1.65023899078369 39.2879981994629 57.1999893188477 57.3273811340332 88.7231063842773 79.7600708007812 41.2702598571777 41.635570526123
1224.46496582031 1325.36901855469 1383.32397460938 992.935729980469 549.385803222656 556.466674804688 263.382598876953 172.331405639648 99.7985382080078 85.1913604736328 38.1962509155273 35.9857597351074 35.2582397460938 32.4482498168945 31.4338207244873 89.7541732788086 132.253005981445 125.784103393555 297.255706787109 658.25830078125 552.258911132812 254.758697509766 213.777801513672 89.0273971557617 78.0715866088867 45.052791595459 18.5721607208252 9.38690662384033 8.54288101196289 7.91996479034424 8.26268577575684 13.1485595703125 15.0325698852539 18.4928493499756 16.9574394226074 10.2923097610474 8.50347900390625 6.13675022125244 11.585129737854 10.0942897796631 10.7753896713257 21.9837608337402 17.6392993927002 27.7632293701172 49.3541984558105 67.8880233764648 99.3819732666016 88.8332138061523 90.0512466430664 73.9367370605469
814.147216796875 685.046203613281 1187.42395019531 505.546997070312 304.187591552734 261.33349609375 175.548202514648 105.247299194336 136.417205810547 52.2774810791016 38.9137306213379 31.5204792022705 29.9380302429199 32.4359703063965 78.8833236694336 131.259002685547 141.588897705078 395.349090576172 280.287811279297 253.49040222168 201.075805664062 87.5524215698242 125.886596679688 207.519500732422 306.454315185547 240.098602294922 194.896102905273 95.6657562255859 24.0279808044434 12.7612400054932 14.5205297470093 16.4958305358887 16.9573001861572 18.8210201263428 17.8809700012207 6.86439323425293 1.27260398864746 4.39031887054443 9.20521259307861 9.5508394241333 22.7540092468262 30.5827808380127 34.2142105102539 27.3507900238037 31.7214603424072 42.9976806640625 67.783561706543 85.9638137817383 98.169792175293 60.6410903930664
165.400695800781 195.999801635742 233.635406494141 159.451797485352 269.556793212891 215.637298583984 116.348197937012 112.17790222168 161.556503295898 41.9804496765137 41.8048896789551 44.1459693908691 96.8100967407227 114.71240234375 139.143203735352 200.287002563477 302.882202148438 405.262786865234 271.292205810547 134.06640625 215.480194091797 63.830379486084 55.7690010070801 51.2466506958008 84.3979415893555 213.811401367188 318.298095703125 364.630889892578 52.1184692382812 22.594970703125 15.6593399047852 14.3012104034424 11.8800401687622 12.783390045166 13.5642900466919 11.3936700820923 13.1845302581787 20.0635795593262 25.4643497467041 27.8237895965576 38.3767204284668 65.7151489257812 136.421493530273 299.383087158203 74.7503204345703 45.411750793457 60.4652786254883 60.2131195068359 37.9321708679199 50.4507904052734
165.294998168945 165.134902954102 134.787399291992 20.3961696624756 29.465259552002 115.907302856445 118.795997619629 118.795997619629 118.795997619629 118.795997619629 87.2164993286133 45.6079902648926 47.8621101379395 92.249137878418 111.124603271484 122.13809967041 125.279998779297 129.764801025391 163.194000244141 133.118804931641 202.571502685547 63.4323196411133 38.1841201782227 25.2053298950195 72.069221496582 74.3410186767578 71.9514083862305 94.4047622680664 98.1842727661133 15.536060333252 12.3733701705933 10.6079902648926 9.99099063873291 11.8654804229736 15.0978097915649 15.4097204208374 15.4663496017456 22.0871105194092 25.9632606506348 28.1359596252441 37.2362098693848 34.6225700378418 31.0739593505859 203.259292602539 63.9243316650391 80.9165115356445 60.1775512695312 34.9277000427246 17.5284595489502 6.46928691864014
