europop.asc
NCOLS 648 
NROWS 216 
XLLCORNER -10 
YLLCORNER 39 
CELLSIZE 0.0416666666666667 
NODATA_value -3.4e+38 
[rows 44 to 65 of 216, columns 450 to 499 of 648]
1183.53894042969 350.234405517578 238.569702148438 270.458801269531 239.837493896484 333.061706542969 179.379806518555 40.5785903930664 5.51284122467041 1.40053296089172 0.0644660219550133 27.7988090515137 338.430511474609 595.530822753906 738.561584472656 325.462493896484 335.376403808594 376.453094482422 300.052001953125 1073.06103515625 438.926910400391 134.315307617188 50.0647010803223 146.596603393555 80.0218887329102 92.3516464233398 507.853912353516 129.121398925781 121.627899169922 107.382598876953 100.00700378418 62.3615493774414 35.9553184509277 109.254203796387 9.01589488983154 37.8171806335449 1.32272601127625 52.4192581176758 68.2005615234375 0 0 0 0 0 0 0 0 0.498649299144745 242.317596435547 0.0806647166609764
56.1904907226562 76.4786834716797 105.269302368164 142.275100708008 144.521392822266 150.187194824219 139.893997192383 67.8180770874023 16.9832592010498 31.4393501281738 0.0918737575411797 0.0959112495183945 285.560089111328 145.137603759766 74.7908935546875 9.97000408172607 0.0903395265340805 0.270247906446457 1.13289797306061 50.9829292297363 20.5256309509277 0.306319713592529 3.94019198417664 0.193897500634193 0 0 0 0 0 0 0 0 0.0105008697137237 0.00253845797851682 0 0 0.448682308197021 180.117202758789 87.6503677368164 0.267126798629761 0.197245702147484 0.0249099098145962 0 0 0 1.52305102348328 1.00309097766876 127.53150177002 63.967170715332 0.153768196702003
15.3976898193359 20.3213806152344 48.0227394104004 255.715606689453 627.54248046875 340.950988769531 343.803314208984 18.7713508605957 11.8709096908569 258.431304931641 34.1229286193848 27.9141693115234 269.540496826172 489.672790527344 15.6668701171875 60.9806289672852 125.684700012207 0 0.43848729133606 10.608699798584 0 0.236302301287651 0.226939603686333 2.05363297462463 10.0297498703003 0 0 0 0 0.000631423084996641 0.45265519618988 0.00340122007764876 0 0 0.000164555705850944 0.461852103471756 4.42144298553467 5.79038000106812 228.500900268555 27.1341094970703 33.3440704345703 0.133523195981979 0 0 0.00693101994693279 1.04449200630188 4.96802282333374 152.10090637207 72.6310272216797 8.81809902191162
325.599304199219 95.9737014770508 163.982406616211 444.33349609375 1845.291015625 1755.73999023438 603.952514648438 130.809494018555 228.215194702148 247.341506958008 76.7874069213867 397.377502441406 824.536987304688 131.629196166992 69.5339736938477 108.151100158691 0.0306688901036978 1.22243094444275 0.385325908660889 0.187200397253036 0.006875139195472 8.14029121398926 2.97029709815979 8.02874088287354 51.045238494873 1.40491604804993 0.0949924364686012 0.232428401708603 39.1059608459473 4.92222213745117 52.9192008972168 9.53958225250244 21.9711608886719 76.7705688476562 0.384930312633514 0.0594844594597816 0.0138046899810433 125.813102722168 289.981414794922 0.597452878952026 0 0 0 0 0.0493347682058811 0.446057111024857 52.3385696411133 243.269302368164 16.7907905578613 92.7645874023438
422.103912353516 114.651397705078 741.094604492188 1157.00402832031 1483.03198242188 857.829772949219 438.0419921875 256.210388183594 80.8842468261719 36.8172302246094 358.558013916016 326.887512207031 598.044921875 103.058296203613 23.2848091125488 69.579231262207 292.202697753906 1.95404005050659 6.96478319168091 18.1754608154297 52.0258102416992 49.2980194091797 30.6419792175293 10.3359899520874 17.9944305419922 0.000608298811130226 0.0848887413740158 26.1307106018066 120.638900756836 0.424369603395462 0.232464805245399 59.7822418212891 89.0555725097656 0.0711141973733902 0.154329493641853 15.086480140686 16.2731304168701 202.713592529297 146.622299194336 0.150398597121239 0 0 0.0195963997393847 0.70311838388443 0.494012385606766 39.0317497253418 99.1152191162109 0.487270891666412 0.0438937693834305 6.69790983200073
358.747009277344 607.026672363281 255.673294067383 435.876800537109 334.095703125 311.797607421875 86.5135879516602 45.5809097290039 196.069000244141 235.498397827148 148.358703613281 28.3140106201172 202.733093261719 1127.3759765625 0.0325481705367565 0.532088994979858 170.002899169922 239.81559753418 0.614373385906219 0.265384614467621 0.332480490207672 0.637171804904938 148.181594848633 18.0315208435059 7.01501798629761 0.0582934506237507 16.7903709411621 26.9880104064941 184.069107055664 1.78341495990753 0.572438478469849 79.4742126464844 11.1589603424072 9.82209587097168 123.274101257324 460.213592529297 761.143615722656 392.9375 0.172574803233147 0.0374116189777851 0 0.00235324795357883 0.000709505518898368 0.0834416970610619 36.7565803527832 134.701202392578 0.406826794147491 0.427220702171326 0.0955902636051178 78.2665100097656
149.198593139648 95.3786315917969 173.982696533203 627.512878417969 218.678802490234 533.616027832031 223.397094726562 60.2017593383789 1.31287896633148 337.700286865234 31.6760597229004 36.0051803588867 91.8246231079102 534.038330078125 214.314407348633 98.3510971069336 292.639587402344 2.46820402145386 4.2487621307373 32.8802795410156 1.03880095481873 166.339401245117 49.0783500671387 29.066930770874 53.6905403137207 24.2757091522217 1.38784801959991 121.653701782227 714.030212402344 519.092224121094 147.714599609375 66.9190521240234 3.84916806221008 165.467895507812 890.866882324219 255.356597900391 1.41058099269867 1.27219903469086 0.0744035989046097 0.0290099792182446 2.08633708953857 0.0126651199534535 0.000999375595711172 0.193215996026993 149.745300292969 4.33015012741089 130.795501708984 148.434692382812 22.6517505645752 31.46169090271
323.253204345703 851.314880371094 1308.46594238281 647.63671875 868.916076660156 579.201721191406 1067.51696777344 968.823425292969 475.146789550781 147.140106201172 2.99219608306885 188.119705200195 666.7177734375 36.3392906188965 1087.99694824219 3278.84204101562 160.867202758789 5.19736814498901 95.1177673339844 40.0985298156738 5.71036577224731 285.361389160156 134.031097412109 146.727401733398 0.832471191883087 32.893180847168 138.855606079102 236.363204956055 5.75519990921021 112.552597045898 37.205150604248 17.266450881958 197.473602294922 662.387817382812 396.419097900391 5.0334267616272 0.210281103849411 0.988935708999634 1.20235705375671 0.138612806797028 5.06799602508545 0.0205734707415104 2.3893039226532 225.538497924805 9.91918277740479 0.777462482452393 0.845734715461731 1.93611001968384 100.453498840332 23.1918392181396
504.236206054688 1981.46203613281 2015.98596191406 1125.85400390625 666.987182617188 886.984069824219 1013.43701171875 2121.2060546875 2414.44799804688 607.929626464844 638.096374511719 1330.62805175781 846.530883789062 569.675476074219 1087.35998535156 1207.47094726562 1191.31005859375 116.931800842285 324.033599853516 257.350402832031 244.111206054688 250.480697631836 327.716491699219 118.976097106934 50.5151786804199 233.967895507812 918.180480957031 865.565673828125 11.3910999298096 71.4522476196289 377.653900146484 840.355407714844 1196.94897460938 195.339096069336 12.5573596954346 2.45805311203003 56.5565605163574 39.2831687927246 94.7135391235352 2.77509689331055 27.2450695037842 119.845901489258 244.848403930664 34.1663818359375 0.178386494517326 0.0981744527816772 0.0114252204075456 13.6827201843262 50.9684715270996 185.753402709961
617.338012695312 1062.68005371094 806.924194335938 1214.42102050781 724.136779785156 1173.79797363281 1314.57702636719 1507.958984375 1256.67004394531 643.66357421875 786.353271484375 853.820129394531 923.381713867188 824.385070800781 900.221618652344 249.996398925781 746.374084472656 219.354797363281 89.2889099121094 359.871887207031 506.972808837891 187.899795532227 125.223602294922 103.361396789551 546.807373046875 987.296569824219 87.5429763793945 302.993408203125 285.5380859375 150.269104003906 214.056106567383 147.166198730469 89.8261566162109 4.3728461265564 1.63082695007324 105.780296325684 139.504898071289 6.41164016723633 12.3637599945068 9.16421985626221 0.510554373264313 38.3110809326172 7.51297903060913 17.7238903045654 10.9022102355957 0.696461081504822 0.316195487976074 76.6456680297852 184.845092773438 357.000305175781
480.615386962891 1463.57995605469 690.209228515625 1463.57397460938 96.0868072509766 811.846313476562 1119.21899414062 1049.99194335938 1072.72705078125 2062.0029296875 901.635803222656 1053.92297363281 1110.05297851562 1191.73999023438 475.548492431641 804.846374511719 943.640014648438 836.3251953125 317.328186035156 1278.26501464844 1720.46203613281 1362.16198730469 1407.73205566406 2497.05590820312 1023.29699707031 187.439102172852 159.986602783203 528.75732421875 51.390869140625 33.1132507324219 82.5800628662109 454.152587890625 513.179382324219 5.85224390029907 27.1286602020264 241.565399169922 111.616302490234 18.2639102935791 61.2417907714844 170.767395019531 54.2619094848633 149.943893432617 3.01845502853394 5.37976789474487 0.38421431183815 7.51717090606689 16.4147300720215 171.277801513672 438.961486816406 16.8674297332764
1096.97094726562 2145.04809570312 1275.53100585938 659.981811523438 1013.40698242188 1011.96502685547 876.084228515625 1178.85705566406 1465.28002929688 934.711486816406 3231.87890625 2484.69091796875 1082.90405273438 1140.72204589844 689.04248046875 1410.71496582031 1362.95202636719 1260.99401855469 1136.73901367188 1905.53698730469 2071.67993164062 3429.73999023438 3192.76708984375 2830.43310546875 1257.31604003906 1439.66101074219 891.352783203125 244.62060546875 905.241394042969 330.376403808594 181.896392822266 406.043395996094 340.194213867188 68.7525863647461 1071.86499023438 89.3915634155273 5.40109395980835 108.633102416992 98.9360198974609 257.819091796875 66.2778167724609 11.9315500259399 34.2053985595703 1.13140404224396 3.12551593780518 185.809494018555 188.854095458984 196.028396606445 79.0136184692383 0.59854781627655
2299.71801757812 2399.40600585938 888.363891601562 2110.75 372.765899658203 1238.13000488281 2203.61596679688 1990.80395507812 847.101379394531 3705.14306640625 3820.35595703125 1986.21105957031 2224.712890625 1541.77001953125 1279.01904296875 1562.52502441406 902.603820800781 942.127502441406 666.326171875 951.361511230469 1837.15502929688 1268.36401367188 1076.89196777344 550.324096679688 460.363098144531 877.912780761719 990.60888671875 754.206970214844 1321.55505371094 536.168579101562 522.853271484375 783.995178222656 378.027893066406 185.781600952148 1048.82702636719 641.906982421875 988.166198730469 5.79897499084473 147.33219909668 266.216094970703 227.316299438477 297.458587646484 265.906402587891 98.9873504638672 678.561218261719 234.823104858398 143.518798828125 119.043098449707 11.0269298553467 12.6784496307373
1484.41198730469 930.424377441406 3720.07299804688 3278.18408203125 3198.73803710938 530.322204589844 1774.82897949219 3044.36401367188 1577.81604003906 4100.76904296875 3134.52001953125 4481.51220703125 3251.9140625 2365.58203125 1685.49694824219 1170.93200683594 1196.79504394531 922.161804199219 1437.50305175781 1113.13195800781 1864.96105957031 977.801879882812 793.393371582031 219.99299621582 609.142272949219 730.125122070312 436.558410644531 1368.69604492188 654.267272949219 711.610473632812 435.192993164062 846.130676269531 836.056396484375 791.093872070312 777.655578613281 1420.96496582031 453.397705078125 251.211898803711 7.42003393173218 103.300498962402 794.009216308594 463.438598632812 823.282470703125 693.617126464844 189.668701171875 0 289.342102050781 200.415893554688 225.118103027344 310.780212402344
1050.31005859375 858.702087402344 960.313720703125 1804.14794921875 2547.39697265625 1492.50402832031 1896.83801269531 2602.17993164062 1997.08605957031 4011.97412109375 4192.4951171875 4814.662109375 4301.39306640625 2663.00708007812 2139.8740234375 1044.75598144531 1443.77404785156 1506.54699707031 1527.65002441406 653.919799804688 600.393493652344 757.558288574219 506.4248046875 369.536102294922 734.648620605469 287.557189941406 617.912170410156 97.4108581542969 670.849426269531 1106.833984375 807.836791992188 1097.02697753906 768.93212890625 705.285827636719 2246.69506835938 3291.21899414062 218.252105712891 247.070495605469 216.029693603516 536.626525878906 628.067321777344 220.605804443359 478.791687011719 618.795593261719 0 0 286.698303222656 554.407104492188 318.506591796875 191.824493408203
411.1494140625 574.737121582031 958.031982421875 807.063720703125 970.037414550781 1203.72595214844 2457.15087890625 1593.85803222656 2190.96997070312 5196.39990234375 7939.7021484375 7569.365234375 4306.8798828125 2858.8310546875 2234.11108398438 1705.21801757812 1156.00695800781 915.178771972656 1198.50402832031 461.950103759766 1561.2099609375 496.109802246094 669.166687011719 444.759094238281 1294.67297363281 58.8191795349121 570.34521484375 145.275695800781 1126.05004882812 591.856079101562 356.094207763672 755.832214355469 826.415222167969 1229.23596191406 1576.80102539062 3362.73999023438 1312.92602539062 1315.10595703125 906.804077148438 410.131896972656 732.55908203125 174.313995361328 722.325012207031 228.279098510742 1066.69396972656 0 0 530.531127929688 418.847900390625 605.650085449219
10.0131998062134 382.190795898438 675.234619140625 1817.65600585938 1561.61596679688 1593.00402832031 1502.59094238281 1542.61303710938 4605.3671875 11043.740234375 9713.5712890625 12793.66015625 1357.251953125 2066.912109375 578.944274902344 737.495483398438 619.4326171875 307.555206298828 543.335388183594 467.601196289062 727.946228027344 630.172180175781 563.769226074219 138.9833984375 435.89990234375 381.456390380859 142.236602783203 641.414428710938 530.506591796875 224.337997436523 319.948791503906 347.841796875 233.219696044922 652.414611816406 986.083984375 1018.16998291016 460.518493652344 520.772094726562 291.302612304688 563.19482421875 184.886901855469 600.425415039062 1020.25598144531 2955.376953125 1675.66296386719 612.192016601562 289.563201904297 301.24169921875 253.143997192383 282.384887695312
146.789398193359 18.2292194366455 227.194595336914 639.826904296875 423.163513183594 320.357391357422 269.126892089844 1790.85205078125 6160.833984375 7279.47900390625 8047.15283203125 6111.60400390625 1396.00805664062 1301.46899414062 979.151916503906 1058.50305175781 180.38850402832 142.914505004883 41.9945182800293 297.14599609375 226.676803588867 182.203994750977 259.875305175781 238.417602539062 40.7294387817383 24.5681591033936 129.873306274414 35.008731842041 150.399398803711 381.575592041016 157.672500610352 537.603210449219 413.815612792969 189.620803833008 911.527099609375 405.627502441406 58.932788848877 51.3103904724121 222.213500976562 612.942321777344 178.183700561523 367.430511474609 162.650497436523 497.973785400391 255.389694213867 228.080596923828 766.375671386719 332.661285400391 584.077270507812 413.388702392578
410.379791259766 8.53371238708496 7.67208003997803 1321.51293945312 887.550170898438 449.625213623047 466.298797607422 312.357513427734 434.905303955078 2494.31591796875 1636.59997558594 996.855529785156 2745.4970703125 820.579772949219 388.684600830078 513.780029296875 570.588928222656 473.627014160156 126.963401794434 705.178588867188 352.473999023438 344.869293212891 358.925201416016 493.114685058594 234.688095092773 16.3815002441406 335.348602294922 197.681198120117 624.188110351562 77.0081634521484 98.6704864501953 241.101501464844 317.113006591797 23.383939743042 98.7182312011719 98.3091812133789 1184.8330078125 86.310417175293 145.925506591797 907.942199707031 188.226898193359 1211.15295410156 328.571990966797 87.5522613525391 59.0182304382324 218.02619934082 351.178985595703 215.734893798828 92.3584671020508 126.002296447754
53.2304496765137 506.860504150391 41.1569519042969 16.766809463501 145.030899047852 52.4600296020508 427.62060546875 285.385589599609 467.326690673828 824.45947265625 957.244018554688 831.533874511719 370.831085205078 1304.14196777344 984.35888671875 314.636291503906 371.518890380859 309.375396728516 127.26439666748 497.808807373047 688.675598144531 622.026672363281 1601.55798339844 327.959197998047 280.984008789062 38.7278518676758 50.469970703125 39.4131317138672 106.891799926758 334.641815185547 256.914093017578 85.6937484741211 47.5590782165527 820.312805175781 90.7208862304688 662.483520507812 32.6424789428711 84.2341613769531 422.402313232422 114.041702270508 898.478515625 107.863403320312 73.0260772705078 163.223007202148 190.87809753418 62.126781463623 79.6936798095703 818.905700683594 53.9163093566895 245.643402099609
198.279098510742 163.68440246582 3322.88696289062 379.082885742188 3.60667991638184 220.421798706055 1051.30004882812 156.035797119141 699.070373535156 600.927429199219 439.573608398438 373.151611328125 534.583129882812 142.243392944336 671.595825195312 739.639221191406 339.269805908203 1415.7060546875 1519.45397949219 100.062103271484 101.163597106934 154.025604248047 178.720001220703 76.463020324707 501.953094482422 120.108200073242 97.2552108764648 59.6930389404297 87.7800903320312 112.132698059082 365.621002197266 658.906372070312 67.2176666259766 385.154113769531 187.277893066406 227.599502563477 183.268096923828 278.144287109375 144.268493652344 126.940399169922 64.9252014160156 692.655212402344 298.958587646484 294.066711425781 159.353698730469 349.145599365234 72.8189468383789 104.703201293945 264.995697021484 635.6171875
126.196601867676 66.7444305419922 591.9296875 49.0826683044434 12.471019744873 518.067077636719 370.550415039062 378.158111572266 416.7666015625 501.243988037109 252.064102172852 517.799926757812 124.609298706055 285.062194824219 374.842498779297 374.461212158203 248.291000366211 510.536010742188 359.285186767578 101.616401672363 195.909896850586 4.60253095626831 100.573799133301 151.022796630859 130.397903442383 32.9032707214355 497.366088867188 123.936096191406 39.6598281860352 166.683303833008 46.6436195373535 160.113998413086 465.626312255859 172.462097167969 140.382705688477 203.940307617188 259.960784912109 170.391906738281 170.436492919922 211.411102294922 40.5711784362793 313.91259765625 31.1055202484131 167.059906005859 32.0433502197266 153.074203491211 245.420593261719 49.0453109741211 314.733489990234 109.906799316406
