europop.asc
NCOLS 648 
NROWS 216 
XLLCORNER -10 
YLLCORNER 39 
CELLSIZE 0.0416666666666667 
NODATA_value -3.4e+38 
[rows 110 to 131 of 216, columns 0 to 49 of 648]
-3.4e+38 -3.4e+38 -3.4e+38 -3.4e+38 -3.4e+38 -3.4e+38 -3.4e+38 -3.4e+38 -3.4e+38 -3.4e+38 -3.4e+38 -3.4e+38 -3.4e+38 -3.4e+38 -3.4e+38 -3.4e+38 -3.4e+38 -3.4e+38 -3.4e+38 -3.4e+38 -3.4e+38 -3.4e+38 -3.4e+38 -3.4e+38 -3.4e+38 -3.4e+38 -3.4e+38 -3.4e+38 -3.4e+38 -3.4e+38 -3.4e+38 -3.4e+38 -3.4e+38 -3.4e+38 -3.4e+38 -3.4e+38 -3.4e+38 5580.5087890625 5580.5078125 697.763122558594 667.774169921875 478.034088134766 243.777893066406 214.080795288086 211.848907470703 94.3003692626953 14.6454496383667 16.4824295043945 38.8702011108398 37.9089889526367
-3.4e+38 -3.4e+38 -3.4e+38 -3.4e+38 -3.4e+38 -3.4e+38 -3.4e+38 -3.4e+38 -3.4e+38 -3.4e+38 -3.4e+38 -3.4e+38 -3.4e+38 -3.4e+38 -3.4e+38 -3.4e+38 -3.4e+38 -3.4e+38 -3.4e+38 -3.4e+38 -3.4e+38 -3.4e+38 -3.4e+38 -3.4e+38 -3.4e+38 -3.4e+38 -3.4e+38 87.7920303344727 87.7920227050781 -3.4e+38 -3.4e+38 -3.4e+38 -3.4e+38 -3.4e+38 -3.4e+38 295.430603027344 793.914672851562 4880.41796875 5417.62109375 697.76318359375 615.084716796875 465.404998779297 187.335998535156 155.193298339844 82.3613128662109 27.5962390899658 11.2645998001099 11.2645998001099 11.4076595306396 11.3971996307373
-3.4e+38 -3.4e+38 -3.4e+38 -3.4e+38 -3.4e+38 -3.4e+38 -3.4e+38 -3.4e+38 -3.4e+38 -3.4e+38 -3.4e+38 -3.4e+38 -3.4e+38 -3.4e+38 -3.4e+38 -3.4e+38 -3.4e+38 -3.4e+38 -3.4e+38 -3.4e+38 -3.4e+38 -3.4e+38 -3.4e+38 -3.4e+38 59.4641418457031 59.4641494750977 80.9379119873047 87.2333679199219 87.7559967041016 87.7920303344727 119.753997802734 150.826904296875 150.826904296875 154.18620300293 295.430603027344 295.430603027344 295.430603027344 3182.1220703125 1537.27905273438 577.831176757812 611.318908691406 249.658096313477 221.779495239258 133.548706054688 73.7309722900391 23.4514007568359 16.3087692260742 11.5101699829102 11.2645998001099 11.9946203231812
-3.4e+38 -3.4e+38 -3.4e+38 -3.4e+38 -3.4e+38 -3.4e+38 -3.4e+38 -3.4e+38 -3.4e+38 -3.4e+38 -3.4e+38 -3.4e+38 -3.4e+38 -3.4e+38 -3.4e+38 -3.4e+38 -3.4e+38 -3.4e+38 -3.4e+38 -3.4e+38 -3.4e+38 -3.4e+38 -3.4e+38 -3.4e+38 59.4641418457031 59.4641418457031 59.4641494750977 59.5752792358398 73.688850402832 84.1455383300781 133.780700683594 150.826995849609 132.210998535156 116.878799438477 234.093399047852 232.811706542969 263.393402099609 399.041290283203 428.940093994141 485.442199707031 503.576812744141 197.084396362305 439.92138671875 164.496398925781 55.0354499816895 29.7855396270752 19.5529708862305 18.6224002838135 15.5772104263306 15.5867595672607
-3.4e+38 -3.4e+38 -3.4e+38 -3.4e+38 -3.4e+38 -3.4e+38 -3.4e+38 -3.4e+38 -3.4e+38 -3.4e+38 -3.4e+38 -3.4e+38 -3.4e+38 -3.4e+38 -3.4e+38 -3.4e+38 -3.4e+38 -3.4e+38 -3.4e+38 -3.4e+38 -3.4e+38 -3.4e+38 -3.4e+38 82.4234237670898 54.1598701477051 49.7265892028809 50.7170906066895 48.3967514038086 51.7927093505859 78.7641372680664 146.246994018555 150.826995849609 134.820297241211 88.621223449707 80.843391418457 80.8433990478516 82.1168365478516 207.022094726562 253.134506225586 112.156898498535 108.348297119141 62.7771606445312 58.9098892211914 41.0373306274414 44.405590057373 39.1911506652832 16.6324100494385 15.5754804611206 15.5754804611206 16.005199432373
-3.4e+38 -3.4e+38 -3.4e+38 -3.4e+38 -3.4e+38 -3.4e+38 -3.4e+38 -3.4e+38 -3.4e+38 -3.4e+38 -3.4e+38 -3.4e+38 -3.4e+38 -3.4e+38 -3.4e+38 -3.4e+38 -3.4e+38 -3.4e+38 -3.4e+38 102.625701904297 102.625701904297 101.343002319336 71.706298828125 82.4234237670898 55.5551414489746 41.4954490661621 43.2098388671875 43.2397117614746 44.4733581542969 44.5017204284668 53.1130485534668 138.636795043945 150.826995849609 133.635498046875 75.2716064453125 60.8570518493652 46.5679702758789 43.3493194580078 86.4789123535156 98.8837432861328 62.3738288879395 45.0261993408203 30.3776798248291 30.1499195098877 36.9637603759766 32.1360015869141 20.6291007995605 19.3986492156982 21.2645893096924 17.3047103881836
-3.4e+38 -3.4e+38 -3.4e+38 -3.4e+38 -3.4e+38 -3.4e+38 -3.4e+38 -3.4e+38 -3.4e+38 -3.4e+38 -3.4e+38 -3.4e+38 -3.4e+38 -3.4e+38 -3.4e+38 -3.4e+38 -3.4e+38 -3.4e+38 102.625701904297 102.625701904297 97.0480728149414 67.0706634521484 40.3690986633301 48.422191619873 38.8285484313965 36.1708488464355 37.1303100585938 39.9231300354004 44.2903785705566 44.5017204284668 46.2480087280273 116.498596191406 150.826904296875 108.410301208496 38.2016983032227 42.6762084960938 44.4972496032715 64.4963531494141 73.1889038085938 70.3525314331055 37.3039588928223 24.837890625 24.5617408752441 24.6434707641602 28.3919506072998 33.5221290588379 31.8882293701172 31.9033203125 31.3810501098633 20.7080707550049
-3.4e+38 -3.4e+38 -3.4e+38 -3.4e+38 -3.4e+38 -3.4e+38 -3.4e+38 -3.4e+38 -3.4e+38 -3.4e+38 -3.4e+38 -3.4e+38 -3.4e+38 -3.4e+38 -3.4e+38 -3.4e+38 -3.4e+38 38.566520690918 38.566520690918 40.4882011413574 38.5951309204102 38.6585311889648 38.6783599853516 38.6783599853516 38.4269409179688 35.4135398864746 35.1373405456543 41.9125099182129 44.4999389648438 44.4998207092285 45.006519317627 49.5800018310547 65.5720291137695 32.8111000061035 28.6721305847168 32.9694900512695 54.4070091247559 74.1001129150391 74.207878112793 73.4784622192383 37.0280685424805 24.7941398620605 24.1222991943359 24.1222991943359 24.8596897125244 30.2087097167969 23.8806591033936 27.8570404052734 18.8833293914795 15.6170902252197
-3.4e+38 -3.4e+38 -3.4e+38 -3.4e+38 -3.4e+38 -3.4e+38 -3.4e+38 -3.4e+38 -3.4e+38 -3.4e+38 -3.4e+38 -3.4e+38 -3.4e+38 -3.4e+38 -3.4e+38 -3.4e+38 38.566520690918 38.566520690918 38.566520690918 38.566520690918 37.830020904541 35.5126991271973 38.6620712280273 38.6783599853516 37.6447486877441 35.2262916564941 38.823600769043 44.4989700317383 44.4989700317383 44.4989700317383 44.3603591918945 38.7998199462891 34.9153099060059 31.5062103271484 29.0226802825928 28.909460067749 32.3154296875 70.5092468261719 74.2078704833984 69.8051834106445 31.7331295013428 27.7734394073486 25.9152603149414 24.1065502166748 21.8037490844727 20.8102703094482 20.3288402557373 16.0926399230957 15.3358697891235 13.909520149231
-3.4e+38 -3.4e+38 -3.4e+38 -3.4e+38 -3.4e+38 -3.4e+38 -3.4e+38 -3.4e+38 -3.4e+38 -3.4e+38 -3.4e+38 -3.4e+38 -3.4e+38 -3.4e+38 -3.4e+38 -3.4e+38 -3.4e+38 40.7377395629883 51.3148994445801 46.4726409912109 29.0349903106689 24.427770614624 27.5240306854248 34.9685211181641 36.2361793518066 34.7643508911133 42.2581596374512 44.4987487792969 43.9094200134277 43.6250686645508 42.8056488037109 34.9558792114258 34.9541893005371 32.4292602539062 30.0805206298828 30.1718502044678 30.1250705718994 83.111198425293 78.6218566894531 82.3720626831055 45.1740188598633 29.4529590606689 28.5500907897949 24.4302101135254 24.0187606811523 22.2822608947754 17.8633003234863 15.380069732666 15.2748098373413 14.78244972229
-3.4e+38 -3.4e+38 -3.4e+38 -3.4e+38 -3.4e+38 -3.4e+38 -3.4e+38 -3.4e+38 -3.4e+38 -3.4e+38 -3.4e+38 -3.4e+38 -3.4e+38 -3.4e+38 -3.4e+38 -3.4e+38 -3.4e+38 136.666595458984 124.694900512695 121.896003723145 39.8136711120605 24.0857391357422 23.9915790557861 23.7088508605957 23.1291904449463 23.9822998046875 34.5214691162109 45.1357803344727 36.7154998779297 36.4384689331055 36.8178100585938 35.521369934082 34.9543495178223 141.501693725586 103.513702392578 130.20280456543 213.747802734375 154.843200683594 122.027801513672 78.7524337768555 46.0403518676758 32.6220703125 36.1195907592773 30.7491798400879 31.62672996521 49.4451904296875 41.5317687988281 45.5400505065918 15.1151599884033 15.1141595840454
-3.4e+38 -3.4e+38 -3.4e+38 -3.4e+38 -3.4e+38 -3.4e+38 -3.4e+38 -3.4e+38 -3.4e+38 -3.4e+38 -3.4e+38 -3.4e+38 -3.4e+38 -3.4e+38 -3.4e+38 -3.4e+38 150.127899169922 150.127899169922 148.049392700195 179.283905029297 82.8852767944336 23.8445892333984 22.7733993530273 22.709789276123 22.7059001922607 22.8852195739746 38.6015701293945 55.4129600524902 49.3334007263184 41.8733901977539 38.6766700744629 112.000999450684 264.026000976562 364.639587402344 386.141906738281 343.025604248047 390.152404785156 387.878601074219 91.8405303955078 32.9967994689941 32.3052787780762 34.7585906982422 35.9980888366699 36.7406806945801 37.0831108093262 46.6042213439941 63.3161697387695 66.2829818725586 30.9582290649414 15.2174501419067
-3.4e+38 -3.4e+38 -3.4e+38 -3.4e+38 -3.4e+38 -3.4e+38 -3.4e+38 -3.4e+38 -3.4e+38 -3.4e+38 -3.4e+38 -3.4e+38 -3.4e+38 -3.4e+38 -3.4e+38 -3.4e+38 -3.4e+38 150.127899169922 229.735107421875 96.7802734375 64.0502014160156 46.2049407958984 28.9886302947998 22.7059001922607 37.3766899108887 34.2084808349609 61.864330291748 55.8963890075684 55.4334411621094 60.9951210021973 117.335998535156 275.471008300781 326.961791992188 384.795593261719 390.152404785156 390.152404785156 390.152404785156 356.496795654297 42.5024490356445 31.8452892303467 31.9204998016357 31.6631507873535 34.2922515869141 36.7406806945801 36.1478805541992 30.1251907348633 47.9131202697754 57.5192909240723 50.3889389038086 28.6401691436768
-3.4e+38 -3.4e+38 -3.4e+38 -3.4e+38 -3.4e+38 -3.4e+38 -3.4e+38 -3.4e+38 -3.4e+38 -3.4e+38 -3.4e+38 -3.4e+38 -3.4e+38 -3.4e+38 -3.4e+38 -3.4e+38 -3.4e+38 -3.4e+38 -3.4e+38 56.3839683532715 56.3839683532715 56.3839797973633 55.2429885864258 68.9750137329102 61.7582397460938 64.7166595458984 64.7166595458984 82.1837768554688 133.356002807617 81.3848114013672 85.1651992797852 91.6386108398438 276.207214355469 340.535400390625 344.515014648438 374.109588623047 294.736114501953 56.7074203491211 39.3484306335449 31.6107902526855 31.8005790710449 31.4810905456543 32.8515815734863 36.4212188720703 30.5245990753174 23.0745105743408 23.9202709197998 23.3360900878906 17.5888595581055 15.5227003097534
-3.4e+38 -3.4e+38 -3.4e+38 -3.4e+38 -3.4e+38 -3.4e+38 -3.4e+38 -3.4e+38 -3.4e+38 -3.4e+38 -3.4e+38 -3.4e+38 -3.4e+38 -3.4e+38 -3.4e+38 -3.4e+38 -3.4e+38 -3.4e+38 -3.4e+38 56.3839683532715 56.3839683532715 60.0308685302734 100.301300048828 114.968200683594 100.841796875 64.7166595458984 194.871398925781 282.714904785156 74.9900207519531 45.0038299560547 47.2971305847168 66.5045013427734 121.889198303223 214.095596313477 209.580902099609 177.352905273438 91.796760559082 58.8447608947754 47.4865798950195 42.5958099365234 35.6739883422852 35.0459213256836 35.4740409851074 36.0745086669922 35.4526596069336 21.1721992492676 17.3008499145508 17.2383193969727 17.6593399047852 17.6787204742432
-3.4e+38 -3.4e+38 -3.4e+38 -3.4e+38 -3.4e+38 -3.4e+38 -3.4e+38 -3.4e+38 -3.4e+38 -3.4e+38 -3.4e+38 -3.4e+38 -3.4e+38 -3.4e+38 -3.4e+38 -3.4e+38 -3.4e+38 -3.4e+38 -3.4e+38 -3.4e+38 56.3839683532715 90.2721633911133 114.968200683594 114.968200683594 114.249801635742 127.706199645996 270.364990234375 62.1249198913574 35.0077590942383 44.3147201538086 47.3476791381836 52.5158081054688 155.103500366211 187.598098754883 196.314605712891 174.944107055664 89.6926498413086 85.3623123168945 73.6012115478516 54.8122406005859 41.8129005432129 40.2808609008789 38.8456382751465 37.4610595703125 45.4413185119629 38.0285797119141 19.8719596862793 17.2383193969727 17.4773292541504 18.1413402557373
-3.4e+38 -3.4e+38 -3.4e+38 -3.4e+38 -3.4e+38 -3.4e+38 -3.4e+38 -3.4e+38 -3.4e+38 -3.4e+38 -3.4e+38 -3.4e+38 -3.4e+38 -3.4e+38 -3.4e+38 -3.4e+38 -3.4e+38 -3.4e+38 -3.4e+38 -3.4e+38 114.968200683594 114.968200683594 114.968200683594 89.6682434082031 89.6682434082031 89.9869537353516 104.16259765625 96.4530181884766 68.8982772827148 112.118301391602 68.2789535522461 88.8389663696289 236.457000732422 150.125305175781 81.2078094482422 70.2513427734375 71.1316986083984 71.0526809692383 70.2513427734375 64.2197189331055 49.4528312683105 49.4528312683105 47.7349090576172 56.3060417175293 55.1408882141113 56.7151985168457 55.2525215148926 28.8276195526123 17.224889755249 17.3621101379395
-3.4e+38 -3.4e+38 -3.4e+38 -3.4e+38 -3.4e+38 -3.4e+38 -3.4e+38 -3.4e+38 -3.4e+38 -3.4e+38 -3.4e+38 -3.4e+38 -3.4e+38 -3.4e+38 -3.4e+38 -3.4e+38 -3.4e+38 -3.4e+38 -3.4e+38 -3.4e+38 -3.4e+38 -3.4e+38 89.6682434082031 89.6682434082031 91.9001922607422 190.335296630859 198.241302490234 197.27180480957 179.659393310547 173.755706787109 122.110702514648 127.351898193359 144.370193481445 112.940200805664 62.9646415710449 66.6257629394531 70.2513427734375 70.2513427734375 70.1823883056641 56.5100288391113 49.4528312683105 49.4528312683105 49.5566902160645 56.309211730957 56.7151985168457 56.7151985168457 56.7151985168457 41.1259994506836 18.7816200256348 17.1911106109619
-3.4e+38 -3.4e+38 -3.4e+38 -3.4e+38 -3.4e+38 -3.4e+38 -3.4e+38 -3.4e+38 -3.4e+38 -3.4e+38 -3.4e+38 -3.4e+38 -3.4e+38 -3.4e+38 -3.4e+38 -3.4e+38 -3.4e+38 -3.4e+38 -3.4e+38 -3.4e+38 -3.4e+38 89.6682434082031 89.6682434082031 91.8479614257812 189.591598510742 247.367599487305 201.949600219727 198.241302490234 177.91780090332 286.211212158203 266.287811279297 132.325103759766 134.209503173828 81.7910614013672 57.0570983886719 59.5829582214355 70.2513427734375 70.2513427734375 53.6382598876953 22.0970401763916 30.5140495300293 43.9359397888184 49.6548881530762 56.1150283813477 56.7151985168457 56.7151985168457 43.0119018554688 47.7508697509766 22.5343799591064 17.1911106109619
-3.4e+38 -3.4e+38 -3.4e+38 -3.4e+38 -3.4e+38 -3.4e+38 -3.4e+38 -3.4e+38 -3.4e+38 -3.4e+38 -3.4e+38 -3.4e+38 -3.4e+38 -3.4e+38 -3.4e+38 -3.4e+38 -3.4e+38 -3.4e+38 -3.4e+38 -3.4e+38 -3.4e+38 -3.4e+38 219.900497436523 261.449188232422 322.309692382812 269.595397949219 198.268493652344 198.241302490234 771.165710449219 771.165710449219 689.674072265625 134.300399780273 132.640594482422 94.3589477539062 78.327262878418 55.8086318969727 70.1257171630859 65.2103500366211 53.545539855957 21.3054103851318 21.3054103851318 32.3242301940918 53.3106994628906 56.7151985168457 56.7151985168457 49.2961196899414 18.3953800201416 15.7561597824097 17.0779895782471 17.1844501495361
-3.4e+38 -3.4e+38 -3.4e+38 -3.4e+38 -3.4e+38 -3.4e+38 -3.4e+38 -3.4e+38 -3.4e+38 -3.4e+38 -3.4e+38 -3.4e+38 -3.4e+38 -3.4e+38 -3.4e+38 -3.4e+38 -3.4e+38 -3.4e+38 -3.4e+38 -3.4e+38 -3.4e+38 344.576904296875 344.576995849609 344.576995849609 344.576995849609 392.747589111328 709.81298828125 687.030212402344 362.168487548828 549.059326171875 360.57080078125 128.563507080078 112.807899475098 99.0215835571289 64.2707138061523 28.845609664917 32.7004013061523 21.216459274292 21.2726593017578 21.2318592071533 21.3052997589111 22.7433700561523 54.8525505065918 37.5314292907715 43.5131988525391 26.2019996643066 15.693380355835 16.661190032959 20.0223007202148 21.2543792724609
-3.4e+38 -3.4e+38 -3.4e+38 -3.4e+38 -3.4e+38 -3.4e+38 -3.4e+38 -3.4e+38 -3.4e+38 -3.4e+38 -3.4e+38 -3.4e+38 -3.4e+38 -3.4e+38 -3.4e+38 -3.4e+38 -3.4e+38 -3.4e+38 -3.4e+38 -3.4e+38 -3.4e+38 -3.4e+38 344.576995849609 344.576995849609 344.576995849609 -3.4e+38 709.81298828125 701.633911132812 487.337097167969 360.351593017578 162.3251953125 93.4268569946289 99.9081802368164 247.053604125977 40.1247711181641 29.4442596435547 29.2868499755859 25.5287208557129 21.1316299438477 21.2242298126221 21.3050804138184 20.0383605957031 17.7742595672607 11.6643600463867 11.6643600463867 11.6643600463867 32.1385803222656 24.2065391540527 22.0327091217041 22.8210792541504
